       -60        27
       -59       135
       -58       325
       -57       340
       -56       837
       -55       939
       -54      1031
       -53      1104
       -52      1073
       -51       945
       -50       829
       -49       671
       -48       620
       -47       529
       -46       514
       -45       486
       -44       467
       -43       473
       -42       477
       -41       506
       -40       469
       -39       449
       -38       435
       -37       424
       -36       415
       -35       380
       -34       384
       -33       396
       -32       345
       -31       383
       -30       358
       -29       373
       -28       355
       -27       383
       -26       374
       -25       394
       -24       428
       -23       445
       -22       429
       -21       496
       -20       579
       -19       676
       -18       761
       -17       870
       -16      1031
       -15      1078
       -14      1215
       -13      1294
       -12      1406
       -11      1546
       -10      1624
        -9      1774
        -8      1837
        -7      1910
        -6      1975
        -5      1912
        -4      2021
        -3      2063
        -2      2025
        -1      2045
         0      2076
         1      2012
         2      1959
         3      2004
         4      1973
         5      1981
         6      1866
         7      1844
         8      1784
         9      1628
        10      1522
        11      1431
        12      1289
        13      1211
        14      1051
        15       991
        16       913
        17       700
        18       685
        19       563
        20       505
        21       484
        22       434
        23       402
        24       396
        25       389
        26       366
        27       347
        28       342
        29       355
        30       360
        31       382
        32       387
        33       385
        34       402
        35       406
        36       406
        37       450
        38       473
        39       430
        40       466
        41       526
        42       498
        43       519
        44       564
        45       556
        46       547
        47       604
        48       723
        49       874
        50       910
        51      1130
        52      1083
        53       919
        54       959
        55       670
        56       368
        57       306
        58        90
        59        19
        60         0
